236 -- 25 25 25 28 25 25 57 25 25 34 25 25 26 25 13 25 25 27 4 25 6 25 21 25 25 25 21 25 25 25 25 25 2 8 25 45 25 25 38 0 28 25 25 25 25 26 25 25 25 49 25 37 25 25 40 53 54 51 41 25 25 29 25 25 
239 -- 16 53 25 28 15 25 57 25 13 34 20 20 50 25 13 18 56 27 4 32 6 25 37 18 48 8 35 25 25 24 25 1 9 15 25 27 62 25 38 0 28 25 25 25 25 37 56 30 17 63 25 25 37 25 56 8 54 51 2 8 2 29 31 25 
532 -- 16 53 25 28 38 25 57 25 59 11 20 20 21 25 13 18 56 25 4 11 6 52 37 18 48 8 44 25 25 24 25 1 9 15 25 27 62 25 17 0 28 36 25 25 25 63 56 30 17 63 25 16 37 25 52 8 54 59 2 63 2 29 31 25 
732 -- 30 53 46 29 38 25 10 3 10 11 19 29 1 57 30 3 31 44 4 5 27 40 5 2 36 58 38 41 52 24 23 11 9 56 45 48 13 21 42 0 28 27 21 25 36 55 29 30 37 44 14 16 37 61 19 31 54 24 14 61 14 23 56 32 
1417 -- 30 53 46 29 38 25 10 3 32 11 19 29 1 57 30 3 53 44 58 5 56 40 5 2 36 58 43 41 52 49 23 11 9 56 57 26 48 1 42 0 28 27 21 25 36 55 29 30 37 44 48 16 37 61 19 63 54 24 14 61 14 23 56 42 
1669 -- 13 47 51 49 55 31 33 18 8 14 51 43 57 28 17 19 0 30 25 57 59 3 28 29 2 44 35 62 28 28 12 20 7 32 6 7 17 28 13 59 21 27 4 59 30 19 8 33 19 57 9 1 17 19 63 6 46 27 19 49 19 51 9 9 
2046 -- 24 24 11 10 35 54 2 51 53 48 11 25 57 52 44 13 44 12 16 9 29 44 31 20 2 28 59 6 30 52 42 19 37 49 50 43 46 28 33 28 52 2 37 22 42 3 26 24 19 44 11 48 34 3 28 8 43 49 46 22 40 27 5 30 
46172 -- 38, 9, 15, 19, 3, 1, 4, 9, 62, 18, 0, 24, 62, 45, 36, 5, 22, 44, 36, 39, 45, 21, 20, 19, 55, 59, 1, 22, 53, 17, 32, 16, 57, 44, 14, 49, 29, 42, 2, 3, 43, 63, 30, 49, 19, 42, 29, 60, 59, 34, 63, 1, 62, 52, 63, 33, 43, 27, 60, 5, 25, 2, 40, 19 

10123 -- 38, 9, 15, 16, 3, 1, 4, 9, 58, 18, 0, 24, 62, 45, 36, 5, 22, 44, 36, 39, 45, 21, 20, 19, 55, 59, 1, 14, 53, 2, 32, 16, 57, 44, 14, 49, 29, 42, 2, 3, 43, 63, 30, 49, 19, 6, 29, 60, 59, 34, 63, 1, 62, 52, 63, 33, 1, 27, 60, 5, 25, 2, 40, 19, 
24394 -- 38, 9, 15, 1, 3, 36, 4, 9, 62, 18, 2, 24, 62, 45, 36, 5, 22, 44, 36, 36, 57, 40, 20, 19, 30, 21, 1, 22, 53, 42, 32, 16, 12, 44, 14, 49, 29, 42, 2, 51, 43, 47, 30, 49, 19, 42, 29, 60, 59, 34, 63, 1, 62, 52, 63, 33, 31, 27, 60, 48, 25, 2, 40, 60, 

519 -- 38, 9, 15, 1, 3, 36, 4, 9, 62, 18, 2, 24, 62, 45, 21, 5, 22, 44, 36, 36, 57, 40, 20, 19, 47, 21, 1, 22, 53, 42, 32, 16, 34, 44, 14, 49, 29, 42, 2, 51, 43, 47, 30, 49, 19, 42, 29, 60, 59, 34, 63, 1, 62, 52, 63, 33, 31, 40, 60, 48, 25, 12, 40, 60, 
803 -- 38, 9, 15, 1, 3, 36, 4, 9, 62, 18, 2, 24, 62, 45, 21, 5, 22, 44, 36, 36, 57, 40, 20, 19, 47, 21, 58, 22, 53, 42, 32, 16, 34, 44, 14, 49, 29, 42, 2, 51, 43, 47, 30, 41, 19, 42, 29, 60, 59, 34, 63, 1, 62, 52, 63, 33, 31, 40, 60, 12, 25, 12, 40, 28, 
1058 -- 7, 9, 15, 1, 3, 36, 4, 9, 62, 18, 45, 24, 62, 45, 36, 5, 9, 44, 12, 36, 57, 40, 23, 33, 30, 35, 54, 22, 53, 42, 28, 16, 43, 18, 14, 61, 29, 24, 2, 51, 37, 47, 30, 49, 1, 42, 29, 31, 32, 34, 63, 1, 62, 52, 63, 33, 31, 42, 60, 48, 25, 2, 40, 60, 
1580 -- 47, 41, 56, 53, 31, 50, 29, 20, 13, 40, 37, 22, 13, 8, 40, 51, 2, 35, 16, 50, 21, 45, 42, 54, 40, 39, 47, 63, 32, 54, 24, 19, 53, 2, 17, 54, 2, 47, 15, 15, 36, 15, 6, 46, 42, 36, 2, 52, 1, 43, 32, 23, 58, 57, 32, 51, 49, 53, 56, 58, 33, 31, 39, 47, 
19114 -- 24, 28, 5, 6, 60, 33, 1, 26, 45, 40, 51, 23, 6, 7, 35, 7, 21, 59, 63, 0, 11, 60, 36, 14, 61, 21, 7, 35, 26, 36, 41, 10, 9, 21, 49, 10, 33, 35, 52, 3, 39, 52, 7, 63, 37, 33, 44, 26, 2, 27, 35, 47, 56, 54, 49, 16, 59, 44, 63, 56, 35, 52, 58, 33, 
312 -- 44, 25, 56, 20, 60, 35, 24, 25, 10, 28, 12, 25, 5, 17, 39, 15, 25, 61, 49, 36, 25, 54, 6, 54, 41, 53, 40, 40, 25, 27, 57, 13, 49, 33, 25, 23, 9, 25, 43, 25, 25, 35, 53, 31, 41, 60, 24, 57, 25, 14, 25, 13, 25, 13, 18, 35, 44, 59, 43, 39, 25, 25, 25, 27, 
363 -- 32, 44, 4, 20, 37, 53, 54, 9, 19, 51, 42, 40, 27, 17, 39, 2, 57, 45, 30, 36, 25, 1, 35, 8, 41, 5, 25, 41, 48, 11, 57, 0, 5, 47, 25, 58, 50, 0, 43, 25, 15, 35, 37, 22, 41, 31, 0, 16, 23, 49, 7, 49, 27, 9, 54, 60, 9, 36, 31, 52, 12, 32, 50, 27, 
846 -- 32, 44, 4, 20, 8, 53, 54, 9, 37, 51, 42, 40, 62, 17, 39, 2, 57, 45, 30, 36, 44, 1, 35, 57, 41, 5, 25, 41, 48, 18, 57, 0, 5, 47, 19, 62, 50, 0, 43, 25, 17, 35, 37, 22, 41, 31, 0, 16, 23, 49, 7, 49, 27, 33, 54, 60, 9, 21, 31, 26, 12, 32, 50, 27, 
881 -- 5, 37, 0, 51, 15, 23, 17, 12, 46, 23, 12, 43, 20, 59, 11, 5, 35, 58, 56, 4, 30, 41, 37, 14, 46, 39, 60, 52, 52, 61, 44, 42, 57, 55, 7, 35, 63, 4, 4, 5, 35, 15, 40, 61, 51, 28, 39, 57, 2, 14, 18, 26, 33, 39, 26, 1, 30, 4, 62, 53, 16, 36, 44, 17, 
1348 -- 20, 37, 0, 4, 49, 23, 7, 55, 33, 23, 12, 43, 20, 26, 11, 22, 35, 58, 6, 54, 28, 41, 37, 37, 22, 42, 50, 36, 27, 46, 44, 42, 57, 53, 15, 51, 0, 4, 23, 5, 35, 15, 40, 45, 6, 9, 41, 57, 39, 2, 18, 56, 58, 15, 7, 1, 8, 4, 15, 53, 60, 22, 11, 44, 
1388 -- 54, 31, 15, 14, 45, 2, 58, 8, 18, 5, 7, 59, 9, 30, 55, 7, 7, 36, 12, 43, 20, 18, 9, 3, 19, 40, 44, 8, 10, 12, 34, 24, 16, 58, 44, 32, 43, 1, 25, 63, 39, 31, 48, 58, 12, 6, 50, 50, 33, 44, 5, 9, 39, 63, 57, 15, 61, 36, 49, 24, 14, 59, 14, 18, 
2643 -- 46, 30, 38, 56, 3, 53, 28, 42, 38, 60, 13, 11, 17, 37, 46, 12, 0, 31, 21, 50, 62, 0, 47, 47, 11, 54, 57, 49, 15, 26, 32, 24, 25, 61, 58, 2, 56, 11, 37, 34, 59, 61, 4, 23, 6, 62, 40, 23, 57, 61, 42, 7, 21, 5, 21, 28, 10, 17, 20, 6, 34, 11, 1, 15, 
2662 -- 20, 13, 22, 17, 3, 16, 30, 24, 42, 17, 36, 19, 46, 8, 39, 0, 36, 54, 55, 26, 60, 56, 46, 31, 26, 61, 31, 36, 58, 28, 15, 39, 13, 58, 21, 56, 41, 6, 54, 56, 15, 13, 45, 49, 42, 4, 12, 45, 48, 58, 2, 20, 25, 48, 12, 52, 0, 33, 0, 48, 52, 39, 22, 15, 
2893 -- 56, 24, 38, 43, 19, 59, 21, 27, 41, 3, 9, 21, 33, 26, 0, 2, 23, 42, 53, 23, 38, 56, 11, 32, 17, 25, 27, 30, 47, 5, 24, 29, 34, 25, 20, 5, 57, 12, 42, 49, 43, 0, 52, 58, 46, 19, 4, 24, 39, 41, 22, 63, 38, 36, 9, 2, 22, 56, 39, 7, 13, 28, 44, 19, 
3201 -- 51, 27, 30, 1, 52, 6, 22, 22, 58, 12, 36, 13, 18, 49, 24, 37, 51, 15, 6, 58, 2, 17, 11, 54, 2, 15, 36, 24, 11, 59, 47, 38, 3, 27, 20, 4, 29, 54, 21, 18, 24, 11, 36, 59, 26, 49, 55, 21, 17, 46, 38, 35, 3, 1, 11, 35, 42, 18, 22, 22, 23, 29, 38, 1, 
3675 -- 54, 32, 15, 18, 56, 45, 41, 29, 30, 18, 3, 1, 60, 18, 25, 28, 10, 18, 24, 9, 18, 52, 43, 58, 25, 36, 1, 44, 63, 6, 13, 4, 48, 45, 5, 16, 57, 51, 63, 34, 47, 5, 37, 14, 34, 41, 56, 21, 28, 2, 32, 48, 51, 49, 13, 42, 5, 36, 10, 45, 16, 44, 46, 7, 
19248 -- 23, 41, 54, 3, 56, 29, 50, 30, 51, 44, 5, 38, 45, 21, 20, 10, 50, 1, 56, 38, 41, 4, 2, 59, 4, 39, 16, 21, 13, 28, 59, 33, 20, 5, 20, 62, 28, 9, 6, 26, 15, 47, 61, 26, 27, 24, 61, 60, 40, 20, 37, 56, 60, 25, 56, 36, 28, 58, 2, 51, 54, 37, 36, 4, 
23624 -- 63, 25, 54, 47, 41, 44, 11, 12, 22, 29, 48, 22, 24, 4, 19, 60, 60, 15, 24, 57, 3, 54, 5, 55, 30, 7, 2, 31, 60, 1, 46, 24, 52, 8, 15, 8, 50, 54, 5, 62, 17, 8, 42, 27, 19, 19, 59, 22, 25, 51, 54, 33, 24, 28, 4, 29, 21, 4, 28, 1, 61, 5, 37, 42, 
115077 -- 49, 22, 6, 23, 62, 28, 23, 32, 48, 58, 43, 57, 41, 30, 52, 60, 59, 60, 27, 29, 43, 7, 23, 45, 46, 54, 6, 0, 44, 43, 28, 28, 40, 57, 55, 55, 55, 8, 17, 23, 6, 29, 62, 26, 14, 50, 11, 38, 45, 40, 14, 31, 45, 2, 18, 40, 25, 51, 27, 26, 0, 52, 46, 13, 
138197 -- 12, 32, 57, 15, 34, 49, 32, 30, 15, 26, 25, 31, 44, 14, 30, 10, 3, 44, 49, 9, 44, 14, 14, 51, 52, 56, 25, 7, 2, 27, 13, 28, 44, 57, 58, 9, 50, 13, 44, 26, 63, 7, 38, 52, 8, 38, 19, 42, 63, 19, 18, 50, 38, 52, 28, 0, 49, 16, 44, 42, 57, 31, 6, 44, 
363016 -- 8, 54, 42, 56, 14, 30, 37, 43, 61, 45, 59, 7, 30, 26, 52, 43, 2, 23, 32, 62, 41, 31, 49, 49, 45, 19, 31, 56, 20, 14, 9, 18, 15, 3, 28, 45, 28, 6, 7, 8, 6, 17, 16, 5, 55, 56, 20, 59, 45, 1, 46, 40, 50, 42, 57, 44, 36, 56, 62, 59, 36, 46, 3, 15, 

120 -- 8, 55, 42, 56, 14, 30, 37, 43, 61, 45, 59, 7, 30, 26, 52, 43, 2, 23, 32, 62, 32, 31, 49, 49, 45, 19, 31, 56, 20, 14, 9, 18, 15, 3, 28, 45, 28, 6, 7, 8, 6, 46, 16, 5, 55, 56, 20, 59, 45, 1, 46, 40, 50, 42, 57, 44, 36, 56, 62, 59, 36, 41, 3, 15, 
140 -- 8, 54, 42, 56, 14, 30, 37, 43, 61, 45, 59, 7, 30, 26, 52, 43, 2, 23, 32, 62, 41, 50, 49, 49, 45, 19, 31, 56, 20, 14, 9, 18, 15, 3, 28, 45, 28, 6, 7, 8, 30, 17, 16, 5, 55, 61, 20, 59, 45, 1, 46, 40, 50, 42, 49, 62, 11, 56, 62, 24, 36, 46, 3, 15, 
493 -- 8, 54, 50, 56, 14, 30, 37, 43, 23, 45, 3, 7, 21, 26, 52, 43, 43, 23, 32, 62, 41, 50, 45, 34, 45, 19, 31, 8, 39, 48, 9, 18, 15, 3, 28, 45, 28, 38, 7, 19, 30, 17, 19, 5, 2, 61, 20, 4, 45, 1, 1, 40, 50, 42, 2, 62, 44, 9, 62, 24, 14, 1, 38, 15, 
1542 -- 8, 54, 50, 35, 8, 30, 37, 27, 23, 15, 16, 7, 21, 26, 52, 43, 1, 23, 40, 62, 42, 50, 45, 34, 45, 19, 31, 8, 39, 48, 9, 18, 15, 3, 28, 45, 28, 42, 52, 19, 30, 53, 19, 7, 2, 61, 20, 17, 11, 1, 1, 40, 50, 42, 2, 10, 44, 9, 62, 24, 14, 1, 38, 15, 
2172 -- 13, 12, 1, 35, 34, 54, 19, 12, 45, 20, 48, 28, 2, 59, 51, 25, 26, 13, 35, 8, 19, 59, 18, 24, 41, 34, 3, 7, 49, 13, 58, 27, 54, 32, 57, 9, 20, 2, 50, 38, 6, 50, 25, 1, 42, 5, 59, 31, 48, 27, 1, 40, 6, 52, 59, 15, 26, 51, 55, 23, 37, 47, 39, 37, 
3595 -- 1, 2, 31, 34, 55, 23, 41, 6, 3, 11, 58, 23, 30, 25, 21, 59, 6, 62, 45, 54, 37, 9, 52, 32, 59, 37, 28, 5, 29, 2, 53, 19, 34, 44, 60, 54, 29, 53, 29, 36, 28, 14, 7, 54, 17, 54, 55, 54, 28, 17, 25, 53, 25, 63, 23, 46, 55, 31, 51, 27, 30, 40, 19, 53, 

380 -- 15, 17, 31, 34, 55, 23, 62, 6, 3, 11, 58, 50, 30, 25, 21, 59, 6, 62, 45, 24, 37, 9, 52, 32, 59, 37, 28, 5, 29, 2, 53, 19, 34, 44, 60, 54, 29, 53, 29, 61, 28, 14, 7, 54, 17, 54, 55, 54, 28, 17, 25, 5, 25, 63, 23, 46, 55, 42, 51, 27, 30, 40, 19, 53, 
560 -- 1, 34, 31, 31, 55, 23, 41, 6, 11, 49, 58, 23, 30, 25, 21, 5, 3, 37, 45, 54, 37, 9, 0, 32, 59, 62, 28, 24, 29, 34, 53, 59, 34, 44, 60, 54, 29, 48, 23, 36, 28, 6, 7, 54, 17, 55, 55, 50, 48, 17, 25, 20, 10, 23, 8, 46, 63, 16, 10, 61, 33, 40, 38, 43, 
1521 -- 1, 34, 31, 31, 55, 46, 18, 6, 11, 49, 58, 23, 13, 25, 45, 5, 3, 37, 45, 18, 37, 9, 6, 32, 59, 62, 28, 24, 29, 41, 53, 59, 40, 44, 60, 54, 29, 48, 23, 36, 28, 6, 52, 54, 1, 55, 55, 50, 48, 17, 25, 13, 10, 23, 8, 53, 63, 16, 14, 61, 33, 40, 38, 43, 
2420 -- 58, 37, 49, 25, 6, 12, 32, 12, 2, 5, 3, 51, 59, 27, 27, 26, 27, 34, 0, 62, 22, 16, 44, 50, 5, 11, 0, 20, 46, 44, 23, 34, 50, 20, 39, 6, 15, 11, 14, 43, 53, 12, 18, 7, 28, 61, 37, 61, 27, 15, 18, 21, 22, 56, 1, 63, 58, 55, 61, 1, 20, 25, 20, 63, 

xxx -- 40, 27, 38, 8, 36, 0, 34, 33, 24, 8, 0, 56, 53, 54, 51, 24, 24, 24, 24, 24, 24, 24, 24, 24, 24, 24, 24, 24, 24, 24, 24, 24, 24, 24, 24, 24, 24, 24, 24, 24, 33, 24, 24, 24, 24, 24, 24, 24, 24, 24, 24, 24, 24, 24, 24, 24, 24, 24, 24, 24, 24, 24, 24, 24

271 -- 24, 24, 24, 24, 24, 24, 24, 24, 24, 24, 21, 24, 24, 24, 24, 24, 20, 24, 24, 24, 24, 24, 24, 24, 1, 24, 24, 24, 24, 24, 24, 24, 24, 24, 24, 2, 24, 24, 24, 24, 24, 24, 24, 24, 57, 24, 24, 24, 24, 24, 24, 24, 24, 24, 61, 24, 24, 24, 24, 24, 24, 24, 24, 24, 
615 -- 24, 28, 24, 17, 38, 12, 57, 40, 15, 12, 56, 40, 55, 18, 24, 24, 58, 23, 24, 9, 24, 34, 17, 49, 14, 12, 12, 24, 21, 61, 27, 7, 50, 1, 55, 2, 24, 24, 24, 18, 18, 61, 21, 24, 18, 24, 63, 24, 6, 39, 45, 48, 41, 14, 10, 16, 35, 55, 24, 27, 48, 46, 19, 37, 
718 -- 49, 17, 62, 42, 59, 28, 47, 61, 59, 46, 9, 49, 3, 28, 52, 26, 24, 2, 21, 57, 15, 30, 55, 22, 29, 0, 5, 24, 31, 6, 26, 38, 63, 1, 17, 2, 54, 13, 12, 18, 54, 61, 52, 25, 61, 4, 0, 2, 32, 44, 41, 10, 13, 63, 34, 35, 49, 34, 15, 46, 52, 4, 43, 63, 
1180 -- 22, 13, 43, 17, 37, 39, 56, 5, 41, 23, 34, 48, 33, 55, 43, 47, 42, 31, 30, 16, 52, 4, 1, 25, 25, 51, 27, 21, 34, 46, 33, 61, 62, 58, 60, 44, 10, 47, 4, 35, 44, 2, 8, 53, 29, 40, 9, 3, 52, 63, 9, 54, 2, 32, 35, 10, 48, 4, 60, 45, 10, 56, 8, 3, 
1273 -- 16, 12, 45, 10, 37, 18, 61, 5, 9, 23, 29, 6, 2, 24, 30, 47, 17, 8, 30, 31, 35, 23, 1, 22, 25, 62, 27, 12, 37, 11, 30, 53, 4, 58, 8, 57, 13, 3, 3, 57, 60, 55, 8, 45, 29, 40, 11, 17, 4, 63, 9, 37, 23, 40, 35, 10, 62, 47, 47, 45, 10, 4, 25, 3, 
1520 -- 2, 12, 6, 17, 58, 7, 39, 56, 60, 23, 29, 42, 57, 47, 24, 47, 45, 13, 61, 27, 31, 36, 16, 63, 63, 14, 53, 29, 16, 11, 4, 20, 13, 36, 53, 57, 23, 34, 58, 49, 27, 52, 46, 21, 24, 60, 62, 63, 13, 21, 16, 46, 63, 11, 25, 32, 11, 20, 39, 27, 2, 20, 25, 19, 
1800 -- 29, 32, 40, 37, 61, 50, 18, 10, 1, 2, 2, 4, 49, 57, 2, 19, 59, 46, 10, 9, 7, 47, 52, 19, 21, 48, 45, 32, 18, 62, 34, 51, 10, 12, 44, 21, 9, 6, 21, 3, 54, 19, 25, 59, 3, 16, 27, 37, 32, 28, 28, 11, 30, 26, 28, 63, 23, 50, 24, 38, 17, 41, 21, 59, 
2280 -- 52, 5, 10, 43, 11, 32, 2, 26, 62, 52, 2, 2, 7, 51, 12, 61, 31, 31, 55, 30, 37, 53, 39, 2, 21, 62, 6, 25, 15, 23, 39, 32, 26, 52, 26, 19, 59, 32, 32, 25, 10, 13, 29, 49, 27, 13, 13, 59, 14, 26, 7, 47, 30, 51, 19, 38, 15, 47, 7, 0, 4, 49, 13, 51, 
3429 -- 38, 26, 34, 38, 33, 42, 63, 34, 62, 27, 31, 42, 21, 52, 35, 25, 45, 61, 47, 1, 27, 2, 34, 60, 16, 41, 22, 12, 50, 35, 46, 20, 39, 62, 4, 32, 17, 50, 54, 17, 49, 3, 55, 35, 44, 33, 32, 2, 47, 24, 20, 16, 10, 49, 29, 10, 26, 6, 17, 11, 41, 26, 59, 55, 
5600 -- 2, 48, 31, 45, 7, 40, 4, 23, 0, 27, 60, 22, 1, 8, 26, 41, 16, 60, 50, 25, 0, 2, 57, 36, 32, 60, 2, 3, 35, 17, 38, 2, 53, 10, 49, 52, 17, 28, 36, 17, 37, 50, 21, 12, 19, 42, 45, 40, 48, 5, 35, 6, 7, 20, 7, 14, 44, 48, 46, 15, 54, 7, 61, 35, 
9335 -- 53, 33, 8, 21, 5, 12, 26, 41, 1, 28, 63, 63, 43, 49, 15, 54, 21, 24, 44, 48, 24, 10, 28, 48, 58, 44, 5, 40, 30, 0, 26, 29, 45, 1, 1, 5, 42, 42, 44, 54, 26, 50, 1, 21, 51, 19, 25, 25, 7, 61, 8, 33, 5, 57, 30, 33, 3, 11, 53, 56, 58, 60, 9, 26, 
18426 -- 39, 46, 58, 18, 35, 16, 29, 24, 44, 48, 35, 13, 15, 5, 33, 33, 1, 32, 47, 28, 27, 3, 3, 37, 0, 29, 32, 53, 23, 3, 47, 48, 5, 40, 3, 39, 53, 63, 59, 7, 56, 23, 37, 28, 14, 39, 56, 38, 48, 51, 57, 50, 1, 59, 62, 25, 3, 60, 51, 7, 27, 33, 62, 37, 
1984 -- 40, 27, 38, 8, 36, 0, 34, 33, 24, 8, 0, 56, 53, 48, 51, 24, 24, 48, 24, 24, 24, 24, 24, 24, 24, 47, 24, 24, 24, 24, 24, 24, 24, 24, 24, 24, 24, 24, 24, 24, 33, 24, 24, 24, 24, 24, 34, 24, 24, 24, 24, 24, 24, 24, 24, 24, 24, 35, 24, 41, 24, 24, 24, 24, 
3563 -- 52, 7, 26, 4, 48, 12, 52, 22, 47, 33, 9, 39, 3, 55, 58, 14, 53, 55, 38, 1, 4, 0, 49, 2, 48, 1, 24, 10, 48, 59, 50, 24, 48, 56, 14, 46, 29, 44, 34, 53, 32, 33, 24, 46, 47, 63, 27, 63, 47, 21, 3, 8, 48, 1, 36, 55, 50, 40, 15, 57, 62, 61, 33, 24, 
4105 -- 25, 7, 27, 26, 7, 57, 47, 5, 23, 41, 6, 63, 22, 0, 50, 30, 18, 47, 6, 11, 55, 13, 42, 42, 59, 53, 62, 29, 24, 3, 44, 58, 28, 16, 36, 5, 57, 30, 50, 3, 62, 48, 8, 57, 51, 44, 40, 13, 26, 8, 16, 42, 53, 30, 50, 8, 34, 29, 53, 26, 22, 12, 6, 49, 
4640 -- 38, 13, 45, 58, 42, 34, 41, 56, 26, 42, 23, 43, 38, 38, 35, 11, 47, 44, 26, 0, 16, 1, 17, 8, 55, 32, 24, 57, 52, 27, 17, 21, 6, 50, 51, 25, 46, 13, 43, 1, 6, 1, 31, 39, 47, 15, 14, 59, 3, 56, 12, 12, 57, 26, 46, 10, 1, 48, 45, 4, 46, 33, 54, 20, 
10461 -- 2, 60, 61, 31, 48, 58, 13, 25, 37, 25, 54, 7, 21, 52, 31, 31, 5, 1, 20, 34, 32, 28, 1, 29, 43, 32, 24, 33, 14, 43, 19, 4, 32, 21, 8, 10, 29, 37, 39, 22, 21, 6, 40, 38, 10, 41, 41, 8, 5, 48, 12, 10, 29, 12, 47, 25, 37, 48, 51, 54, 50, 25, 44, 54, 
15038 -- 35, 52, 1, 18, 62, 60, 24, 2, 9, 52, 0, 13, 28, 49, 4, 21, 28, 53, 16, 21, 61, 21, 30, 54, 11, 49, 47, 21, 41, 60, 28, 26, 21, 29, 5, 48, 41, 16, 49, 48, 27, 9, 19, 41, 20, 12, 5, 30, 1, 19, 8, 53, 29, 1, 7, 25, 49, 60, 42, 25, 24, 1, 9, 2, 
175900 -- 43, 17, 34, 21, 27, 12, 52, 41, 60, 61, 46, 20, 48, 31, 38, 8, 7, 36, 8, 50, 35, 35, 22, 31, 50, 31, 23, 33, 22, 32, 58, 12, 27, 37, 27, 33, 28, 25, 45, 54, 23, 21, 32, 35, 20, 3, 57, 5, 0, 49, 61, 6, 35, 17, 25, 14, 48, 59, 48, 16, 52, 3, 11, 26, 
8057395 -- 46, 61, 50, 41, 46, 5, 8, 27, 54, 57, 53, 8, 16, 6, 36, 58, 13, 55, 61, 37, 24, 60, 3, 62, 34, 4, 49, 11, 53, 23, 61, 47, 1, 61, 3, 56, 62, 16, 63, 1, 33, 41, 55, 25, 20, 45, 16, 15, 17, 36, 5, 24, 56, 17, 46, 37, 50, 37, 25, 2, 27, 23, 11, 8, 
341 -- 40, 61, 50, 41, 38, 5, 8, 27, 54, 57, 53, 44, 16, 6, 36, 58, 13, 55, 61, 37, 24, 23, 3, 55, 34, 4, 49, 11, 53, 23, 61, 47, 1, 61, 3, 56, 62, 16, 63, 1, 33, 41, 55, 25, 20, 45, 16, 15, 17, 36, 5, 24, 56, 17, 46, 37, 50, 37, 25, 18, 27, 23, 11, 8, 
1144 -- 46, 57, 50, 41, 22, 5, 8, 27, 5, 47, 36, 30, 16, 6, 38, 12, 4, 55, 61, 37, 2, 60, 3, 52, 30, 61, 49, 55, 56, 23, 61, 17, 1, 22, 3, 56, 62, 16, 49, 1, 29, 41, 20, 8, 25, 52, 5, 15, 53, 60, 6, 24, 56, 17, 46, 37, 15, 61, 25, 2, 27, 23, 53, 29, 
3104 -- 46, 19, 50, 55, 17, 5, 8, 5, 5, 47, 36, 30, 16, 11, 38, 12, 4, 41, 61, 59, 2, 60, 3, 52, 30, 61, 49, 55, 56, 23, 61, 28, 61, 22, 3, 58, 35, 16, 49, 1, 29, 41, 34, 8, 25, 52, 27, 15, 53, 60, 6, 24, 56, 17, 19, 12, 15, 61, 25, 2, 27, 23, 53, 14, 
3938 -- 55, 44, 1, 42, 5, 0, 11, 37, 33, 48, 7, 8, 58, 20, 46, 51, 11, 55, 39, 37, 17, 60, 51, 50, 38, 55, 57, 8, 18, 20, 14, 29, 58, 51, 60, 57, 52, 3, 7, 30, 2, 15, 22, 2, 14, 13, 20, 33, 53, 46, 52, 35, 24, 45, 25, 13, 58, 53, 48, 57, 15, 40, 4, 53, 
8101 -- 40, 50, 49, 13, 59, 35, 51, 58, 31, 37, 55, 1, 43, 27, 58, 54, 60, 9, 23, 36, 55, 44, 37, 54, 20, 31, 23, 37, 61, 12, 12, 9, 38, 53, 57, 32, 61, 0, 49, 17, 5, 7, 61, 54, 58, 45, 0, 22, 39, 25, 31, 30, 24, 10, 37, 63, 4, 61, 47, 29, 60, 1, 16, 59, 
184840 -- 17, 4, 13, 40, 21, 42, 38, 53, 47, 31, 11, 0, 58, 28, 6, 41, 46, 22, 59, 15, 56, 6, 20, 41, 44, 35, 63, 8, 56, 44, 19, 4, 1, 49, 1, 41, 62, 1, 63, 38, 10, 7, 37, 57, 63, 45, 38, 1, 56, 5, 37, 8, 38, 37, 62, 26, 2, 52, 19, 56, 61, 63, 9, 32, 
670200 -- 53, 54, 12, 42, 13, 50, 29, 24, 4, 18, 38, 3, 15, 11, 8, 2, 6, 62, 27, 4, 45, 10, 1, 25, 11, 44, 54, 2, 23, 35, 61, 37, 40, 55, 28, 0, 24, 27, 22, 2, 1, 18, 54, 47, 30, 18, 20, 23, 27, 16, 1, 56, 63, 7, 35, 59, 35, 10, 11, 28, 62, 4, 8, 30, 
960 -- 53, 54, 12, 42, 13, 50, 29, 24, 4, 18, 38, 3, 15, 11, 18, 34, 6, 62, 27, 4, 45, 10, 9, 25, 11, 44, 54, 2, 23, 35, 61, 37, 40, 55, 28, 35, 24, 27, 22, 2, 1, 18, 54, 47, 30, 18, 20, 23, 27, 16, 1, 56, 63, 14, 35, 59, 42, 10, 11, 28, 62, 4, 8, 30, 
1600 -- 5, 5, 15, 33, 40, 13, 17, 7, 50, 6, 15, 0, 18, 40, 31, 50, 59, 59, 14, 1, 9, 58, 53, 39, 11, 41, 57, 31, 49, 62, 40, 47, 44, 9, 34, 2, 49, 26, 53, 42, 14, 53, 14, 14, 42, 21, 59, 17, 58, 17, 33, 50, 25, 19, 35, 27, 10, 26, 1, 13, 32, 13, 57, 39, 
6020 -- 10, 13, 45, 46, 12, 27, 30, 7, 46, 47, 51, 19, 45, 30, 22, 49, 32, 4, 60, 29, 57, 56, 22, 40, 3, 16, 37, 20, 54, 5, 51, 3, 28, 58, 60, 12, 9, 23, 28, 53, 13, 60, 55, 45, 28, 43, 16, 32, 6, 28, 22, 2, 4, 19, 4, 15, 62, 22, 39, 53, 39, 45, 17, 8, 
4000 -- 53, 54, 12, 42, 13, 50, 29, 24, 25, 18, 38, 3, 23, 11, 8, 22, 6, 62, 27, 4, 45, 10, 1, 25, 11, 44, 36, 2, 23, 35, 61, 37, 40, 46, 28, 0, 24, 27, 22, 0, 1, 18, 30, 47, 30, 10, 20, 23, 27, 16, 1, 56, 63, 7, 30, 59, 35, 10, 62, 28, 30, 4, 8, 11, 
9835 -- 20, 58, 59, 0, 48, 63, 37, 45, 10, 44, 3, 29, 45, 26, 29, 47, 29, 20, 6, 39, 52, 16, 56, 24, 25, 55, 3, 56, 19, 14, 40, 21, 4, 3, 48, 47, 50, 15, 26, 24, 15, 61, 45, 8, 16, 39, 16, 35, 58, 34, 3, 8, 4, 25, 46, 11, 27, 54, 44, 15, 49, 3, 52, 21, 
147 -- 53, 54, 2, 42, 13, 50, 29, 24, 19, 18, 5, 3, 15, 11, 8, 2, 6, 62, 27, 4, 45, 10, 1, 25, 22, 58, 54, 2, 23, 35, 61, 37, 40, 55, 28, 0, 24, 27, 22, 2, 26, 18, 54, 47, 30, 18, 20, 23, 27, 43, 49, 56, 63, 7, 35, 59, 16, 23, 11, 28, 62, 4, 8, 30, 
162 -- 42, 54, 5, 42, 40, 50, 29, 24, 19, 4, 5, 3, 57, 22, 8, 2, 6, 24, 58, 4, 45, 54, 9, 25, 22, 58, 47, 2, 3, 35, 6, 37, 19, 14, 28, 0, 24, 27, 47, 2, 26, 6, 54, 36, 29, 18, 56, 23, 44, 43, 49, 56, 63, 7, 35, 59, 16, 23, 38, 28, 63, 48, 8, 30, 
525 -- 42, 54, 5, 42, 4, 50, 7, 24, 19, 4, 5, 63, 57, 22, 8, 39, 6, 24, 28, 23, 45, 35, 62, 8, 22, 58, 55, 2, 46, 34, 6, 20, 19, 14, 11, 0, 59, 63, 47, 2, 13, 6, 54, 7, 44, 18, 56, 23, 44, 37, 49, 48, 4, 7, 35, 1, 33, 23, 38, 8, 63, 48, 27, 30, 
861 -- 42, 54, 5, 36, 4, 50, 7, 23, 19, 4, 5, 63, 57, 27, 8, 39, 6, 24, 28, 23, 11, 35, 62, 8, 22, 15, 55, 2, 46, 34, 58, 20, 19, 14, 11, 0, 59, 21, 47, 2, 13, 6, 46, 32, 44, 18, 20, 23, 44, 37, 49, 48, 4, 7, 35, 32, 33, 23, 38, 38, 35, 48, 20, 30, 
916 -- 39, 21, 31, 54, 58, 6, 11, 59, 36, 63, 11, 0, 50, 56, 28, 21, 31, 25, 52, 23, 55, 44, 27, 7, 19, 51, 38, 34, 40, 55, 34, 43, 6, 30, 41, 2, 12, 25, 47, 25, 24, 45, 48, 60, 20, 30, 13, 36, 33, 28, 5, 2, 5, 61, 16, 14, 37, 23, 54, 15, 35, 37, 19, 30, 
1112 -- 52, 43, 55, 35, 44, 29, 13, 32, 1, 20, 60, 0, 23, 15, 24, 7, 42, 31, 51, 14, 28, 31, 27, 40, 9, 22, 5, 45, 1, 1, 53, 31, 19, 36, 21, 49, 54, 25, 18, 25, 45, 32, 41, 28, 43, 57, 0, 51, 45, 40, 16, 35, 5, 44, 9, 1, 36, 22, 33, 41, 63, 37, 13, 17, 
3581 -- 19, 43, 55, 35, 44, 23, 27, 48, 50, 20, 43, 45, 15, 25, 24, 19, 58, 35, 1, 25, 29, 31, 16, 40, 48, 40, 4, 14, 1, 51, 53, 31, 19, 30, 30, 31, 54, 25, 48, 24, 45, 45, 41, 28, 5, 33, 0, 51, 13, 48, 2, 35, 5, 44, 47, 3, 18, 22, 17, 41, 63, 26, 13, 59, 
7840 -- 57, 54, 39, 30, 10, 13, 0, 52, 23, 11, 4, 33, 40, 55, 24, 8, 42, 15, 57, 44, 60, 51, 38, 35, 6, 25, 48, 40, 42, 23, 18, 10, 53, 11, 34, 48, 34, 4, 8, 46, 50, 34, 61, 37, 26, 39, 50, 12, 1, 48, 26, 57, 4, 10, 14, 23, 27, 7, 2, 2, 21, 63, 31, 16, 
8240 -- 49, 43, 18, 29, 34, 47, 63, 4, 15, 38, 55, 27, 21, 52, 2, 32, 10, 60, 9, 12, 10, 25, 10, 15, 19, 39, 46, 60, 60, 47, 62, 6, 12, 5, 42, 61, 14, 28, 56, 17, 26, 15, 55, 20, 10, 60, 63, 15, 20, 6, 20, 46, 6, 2, 29, 56, 58, 36, 38, 59, 34, 21, 58, 2, 
4680 -- 53, 54, 12, 42, 13, 50, 29, 24, 4, 18, 38, 3, 15, 22, 8, 2, 28, 48, 27, 4, 45, 10, 60, 25, 11, 44, 25, 2, 23, 35, 61, 37, 40, 55, 28, 0, 24, 27, 22, 2, 1, 18, 41, 47, 30, 18, 20, 23, 27, 16, 1, 27, 63, 3, 35, 59, 53, 10, 11, 28, 49, 4, 8, 30, 
465 -- 46, 61, 50, 41, 11, 5, 8, 27, 54, 57, 53, 8, 16, 6, 36, 58, 13, 55, 61, 37, 24, 6, 3, 62, 25, 4, 49, 11, 53, 28, 61, 47, 1, 61, 3, 56, 62, 16, 63, 23, 33, 41, 55, 25, 20, 45, 16, 15, 17, 36, 5, 24, 56, 17, 46, 37, 50, 37, 25, 2, 27, 3, 11, 8, 
560 -- 28, 59, 14, 49, 45, 9, 41, 57, 56, 39, 54, 35, 30, 12, 53, 63, 15, 60, 35, 33, 6, 29, 17, 34, 34, 1, 63, 20, 29, 63, 26, 19, 52, 14, 20, 8, 0, 59, 55, 56, 33, 35, 15, 53, 35, 55, 4, 34, 60, 22, 37, 14, 11, 21, 35, 18, 60, 10, 4, 39, 28, 43, 7, 11, 
1200 -- 52, 61, 1, 19, 19, 54, 15, 29, 48, 10, 33, 55, 21, 16, 27, 10, 3, 37, 0, 45, 1, 12, 53, 8, 22, 8, 57, 12, 63, 3, 33, 33, 4, 36, 14, 49, 1, 63, 16, 57, 42, 43, 7, 27, 17, 7, 48, 25, 33, 24, 46, 23, 14, 38, 53, 34, 16, 10, 25, 39, 58, 15, 23, 44, 
3558 -- 58, 61, 37, 50, 36, 10, 9, 5, 42, 28, 33, 59, 42, 16, 5, 11, 61, 15, 28, 16, 47, 28, 46, 41, 56, 43, 22, 1, 8, 5, 60, 33, 17, 6, 29, 59, 34, 8, 14, 4, 56, 27, 61, 13, 50, 7, 0, 51, 48, 6, 56, 37, 11, 24, 0, 34, 28, 39, 52, 44, 63, 9, 15, 26, 
